%YAML:1.0
intrinsic: !!opencv-matrix
   rows: 3
   cols: 3
   dt: d
   data: [ 3.5009738554536011e+003, 0., 1.4235000000000000e+003, 0.,
       3.5009738554536011e+003, 2.1355000000000000e+003, 0., 0., 1. ]
distortion: !!opencv-matrix
   rows: 1
   cols: 5
   dt: d
   data: [ -2.0064455743534595e-001, 3.0007401920294319e-001, 0., 0.,
       -2.9382615134796197e-001 ]
rotation: !!opencv-matrix
   rows: 3
   cols: 3
   dt: d
   data: [ 9.9990078561187290e-001, -3.2420802457707866e-003,
       1.3707948367254077e-002, 3.1950760495165894e-003,
       9.9998894621149592e-001, 3.4494845788205072e-003,
       -1.3718980348303086e-002, -3.4053444028024436e-003,
       9.9990009161300786e-001 ]
projection: !!opencv-matrix
   rows: 3
   cols: 4
   dt: d
   data: [ 3.1232783160371182e+003, 0., 1.3197278594970703e+003, 0., 0.,
       3.1232783160371182e+003, 2.1352331695556641e+003, 0., 0., 0., 1.,
       0. ]
Q: !!opencv-matrix
   rows: 4
   cols: 4
   dt: d
   data: [ 1., 0., 0., -1.3197278594970703e+003, 0., 1., 0.,
       -2.1352331695556641e+003, 0., 0., 0., 3.1232783160371182e+003, 0.,
       0., 2.6339702934263726e-001, 0. ]
