%YAML:1.0
intrinsic: !!opencv-matrix
   rows: 3
   cols: 3
   dt: d
   data: [ 3.5009738554536011e+003, 0., 1.4235000000000000e+003, 0.,
       3.5009738554536011e+003, 2.1355000000000000e+003, 0., 0., 1. ]
distortion: !!opencv-matrix
   rows: 1
   cols: 5
   dt: d
   data: [ -1.6237213706114420e-001, 7.5267466739837863e-002, 0., 0.,
       4.2764745614917984e-002 ]
rotation: !!opencv-matrix
   rows: 3
   cols: 3
   dt: d
   data: [ 9.9910418720267891e-001, -4.3832328299891051e-003,
       4.2090502301973323e-002, 4.5275045670839214e-003,
       9.9998419647448700e-001, -3.3329421941582014e-003,
       -4.2075228062000453e-002, 3.5205214432909829e-003,
       9.9910824294082279e-001 ]
projection: !!opencv-matrix
   rows: 3
   cols: 4
   dt: d
   data: [ 3.1232783160371182e+003, 0., 1.3197278594970703e+003,
       -1.1857682388567238e+004, 0., 3.1232783160371182e+003,
       2.1352331695556641e+003, 0., 0., 0., 1., 0. ]
Q: !!opencv-matrix
   rows: 4
   cols: 4
   dt: d
   data: [ 1., 0., 0., -1.3197278594970703e+003, 0., 1., 0.,
       -2.1352331695556641e+003, 0., 0., 0., 3.1232783160371182e+003, 0.,
       0., 2.6339702934263726e-001, 0. ]
